objects
0.020412	0	-1.006464	0	1.006671	0	1.006464	0	0.020412	200596.815786	0	7035.402853	0	t_cyathea_f
-0.220971	0	1.001730	0	1.025813	0	-1.001730	0	-0.220971	200606.728484	0	7002.480066	0	t_cyathea_f
0.914417	0	0.891944	0	1.277389	0	-0.891944	0	0.914417	200602.554716	0	7099.474145	0	d_fallenbranch_lc_f
-0.261516	0	-0.772525	0	0.815589	0	0.772525	0	-0.261516	200618.206344	0	7020.617170	0	t_cyathea_f
-1.023161	0	-0.191620	0	1.040950	0	0.191620	0	-1.023161	200613.771716	0	7189.173954	0	b_calochlaena_f
-0.034819	0	-1.285212	0	1.285684	0	1.285212	0	-0.034819	200622.119250	0	7061.819939	0	d_fallenbranch_lc_f
-0.540070	0	-0.910395	0	1.058535	0	0.910395	0	-0.540070	200628.640762	0	7125.694089	0	b_calochlaena_f
-0.015270	0	1.149885	0	1.149986	0	-1.149885	0	-0.015270	200623.945274	0	7231.756720	0	b_calochlaena_f
1.002979	0	-0.550051	0	1.143907	0	0.550051	0	1.002979	200622.640971	0	7272.170919	0	t_cyathea_f
0.176585	0	0.984285	0	1.000000	0	-0.984285	0	0.176585	200636.988296	0	7354.773600	0	cliff_stone_big_lc_f
0.690772	0	0.723073	0	1.000000	0	-0.723073	0	0.690772	200630.205925	0	7379.416405	0	cliff_stone_big_lc_f
0.846665	0	-0.537076	0	1.002643	0	0.537076	0	0.846665	200652.900784	0	7447.430546	0	b_calochlaena_f
-0.002157	0	-0.999998	0	1.000000	0	0.999998	0	-0.002157	200652.900784	0	7525.893235	0	cliff_stone_big_lc_f
-0.706072	0	0.708140	0	1.000000	0	-0.708140	0	-0.706072	200664.117784	0	6824.263303	0	cliff_stone_big_lc_f
-0.485260	0	0.874370	0	1.000000	0	-0.874370	0	-0.485260	200664.117784	0	7484.493324	0	cliff_stone_big_lc_f
-0.812782	0	-0.970345	0	1.265774	0	0.970345	0	-0.812782	200680.551992	0	6791.931943	0	d_fallenbranch_lc_f
-0.881688	0	-0.471833	0	1.000000	0	0.471833	0	-0.881688	200682.899736	0	7613.818762	0	cliff_stone_big_lc_f
0.749345	0	-1.101316	0	1.332072	0	1.101316	0	0.749345	200697.247061	0	7636.490142	0	b_cestrum_f
0.753682	0	0.970789	0	1.229011	0	-0.970789	0	0.753682	200706.898898	0	7633.138721	0	b_cestrum_f
1.220826	0	0.151292	0	1.230165	0	-0.151292	0	1.220826	200715.507293	0	6789.763377	0	d_fallenbranch_lc_f
-0.216260	0	-1.176213	0	1.195929	0	1.176213	0	-0.216260	200712.898689	0	7647.924404	0	b_cestrum_f
0.667663	0	0.957006	0	1.166891	0	-0.957006	0	0.667663	200714.463851	0	7655.810101	0	b_cestrum_f
0.938068	0	0.346451	0	1.000000	0	-0.346451	0	0.938068	200731.158920	0	7720.867105	0	cliff_stone_big_lc_f
1.107599	0	-0.233379	0	1.131919	0	0.233379	0	1.107599	200746.810548	0	6764.332002	0	b_calochlaena_f
-0.960401	0	0.278620	0	1.000000	0	-0.278620	0	-0.960401	200742.115060	0	7686.761464	0	cliff_stone_big_lc_f
-0.814913	0	-0.855479	0	1.181494	0	0.855479	0	-0.814913	200742.636780	0	7701.744289	0	b_cestrum_f
0.932228	0	-0.361873	0	1.000000	0	0.361873	0	0.932228	200768.461965	0	7747.284192	0	cliff_stone_big_lc_f
0.864129	0	0.553046	0	1.025953	0	-0.553046	0	0.864129	200763.244756	0	7858.669669	0	b_calochlaena_f
-0.951048	0	-0.309044	0	1.000000	0	0.309044	0	-0.951048	200764.809919	0	7937.329501	0	cliff_stone_big_lc_f
0.776665	0	0.581133	0	0.970012	0	-0.581133	0	0.776665	200775.244337	0	7287.745172	0	t_cyathea_f
0.860890	0	-0.493173	0	0.992145	0	0.493173	0	0.860890	200770.287989	0	7310.810837	0	t_cyathea_f
-0.801661	0	-0.166589	0	0.818787	0	0.166589	0	-0.801661	200778.113802	0	7423.182026	0	t_cyathea_f
-0.453260	0	-0.891378	0	1.000000	0	0.891378	0	-0.453260	200775.766058	0	7883.509616	0	cliff_stone_big_lc_f
-0.928229	0	0.544472	0	1.076131	0	-0.544472	0	-0.928229	200786.461337	0	7092.968444	0	b_calochlaena_f
-0.379376	0	0.964005	0	1.035969	0	-0.964005	0	-0.379376	200781.504988	0	7349.647897	0	b_calochlaena_f
-0.489048	0	1.084519	0	1.189685	0	-1.084519	0	-0.489048	200785.417895	0	7392.624948	0	b_calochlaena_f
0.804393	0	-0.759146	0	1.106052	0	0.759146	0	0.804393	200786.461337	0	7454.330531	0	b_cestrum_f
-0.823656	0	-0.567090	0	1.000000	0	0.567090	0	-0.823656	200780.200686	0	7910.320987	0	cliff_stone_big_lc_f
-0.903523	0	0.497876	0	1.031617	0	-0.497876	0	-0.903523	200789.330802	0	8006.920781	0	b_cestrum_f
0.853851	0	-0.563939	0	1.023273	0	0.563939	0	0.853851	200790.113383	0	6744.814901	0	t_cyathea_f
0.602172	0	1.120465	0	1.272027	0	-1.120465	0	0.602172	200796.113174	0	6998.734360	0	b_cestrum_f
-0.114323	0	1.103724	0	1.109629	0	-1.103724	0	-0.114323	200796.895755	0	7182.471111	0	b_calochlaena_f
-0.471959	0	-0.881620	0	1.000000	0	0.881620	0	-0.471959	200796.895755	0	7258.568091	0	cliff_stone_big_lc_f
-1.439041	0	-0.172594	0	1.449355	0	0.172594	0	-1.439041	200795.852313	0	8012.835054	0	b_cestrum_f
-1.082203	0	0.302066	0	1.123569	0	-0.302066	0	-1.082203	200806.808452	0	6732.197785	0	t_cyathea_f
1.326077	0	-0.679671	0	1.490112	0	0.679671	0	1.326077	200804.199848	0	7033.825713	0	d_fallentrunk_clear_lc
0.312188	0	0.950020	0	1.000000	0	-0.950020	0	0.312188	200802.112964	0	7149.745466	0	cliff_stone_big_lc_f
0.579228	0	0.815165	0	1.000000	0	-0.815165	0	0.579228	200803.417266	0	7783.558400	0	cliff_stone_big_lc_f
-0.702533	0	-0.711651	0	1.000000	0	0.711651	0	-0.702533	200801.591243	0	7891.789598	0	cliff_stone_big_lc_f
-0.710191	0	-0.950573	0	1.186575	0	0.950573	0	-0.710191	200808.895336	0	7995.289377	0	b_cestrum_f
0.573822	0	0.786922	0	0.973919	0	-0.786922	0	0.573822	200807.851894	0	8053.840681	0	t_leucaena_f
-0.197531	0	-1.088425	0	1.106204	0	1.088425	0	-0.197531	200812.547382	0	7047.034257	0	b_cestrum_f
-0.466310	0	-1.347643	0	1.426038	0	1.347643	0	-0.466310	200815.677708	0	7499.870434	0	b_cestrum_f
-0.421425	0	-0.980868	0	1.067568	0	0.980868	0	-0.421425	200817.503731	0	7958.226599	0	b_calochlaena_f
-0.810523	0	0.314361	0	0.869350	0	-0.314361	0	-0.810523	200820.894917	0	6980.991540	0	t_leucaena_f
0.885477	0	-0.475062	0	1.004865	0	0.475062	0	0.885477	200821.938359	0	7129.636938	0	b_calochlaena_f
-0.200782	0	-0.979636	0	1.000000	0	0.979636	0	-0.200782	200820.894917	0	7216.971037	0	cliff_stone_big_lc_f
1.087266	0	0.457230	0	1.179495	0	-0.457230	0	1.087266	200820.373196	0	7303.910852	0	b_cestrum_f
-1.494877	0	-0.016196	0	1.494964	0	0.016196	0	-1.494877	200821.416638	0	7329.736511	0	b_cestrum_f
-0.843896	0	0.640955	0	1.059709	0	-0.640955	0	-0.843896	200829.242451	0	7759.901308	0	b_cestrum_f
-0.790820	0	0.259496	0	0.832307	0	-0.259496	0	-0.790820	200821.416638	0	7805.441211	0	t_leucaena_f
0.521462	0	-0.988853	0	1.117923	0	0.988853	0	0.521462	200829.503312	0	8020.129324	0	b_calochlaena_f
-0.800798	0	-0.227000	0	0.832350	0	0.227000	0	-0.800798	200829.764172	0	8227.917453	0	t_cyathea_f
0.207404	0	-0.886339	0	0.910282	0	0.886339	0	0.207404	200833.677079	0	6717.609245	0	t_cyathea_f
0.853965	0	0.121828	0	0.862612	0	-0.121828	0	0.853965	200834.981381	0	7010.365763	0	t_leucaena_f
-0.976592	0	1.045893	0	1.430952	0	-1.045893	0	-0.976592	200832.111916	0	7090.208450	0	d_fallentrunk_clear_lc
-0.665154	0	-1.306848	0	1.466384	0	1.306848	0	-0.665154	200830.546754	0	7298.982291	0	b_cestrum_f
0.624016	0	-0.857483	0	1.060506	0	0.857483	0	0.624016	200834.198800	0	7385.922105	0	b_calochlaena_f
0.410343	0	0.933041	0	1.019288	0	-0.933041	0	0.410343	200835.503102	0	7931.415228	0	b_calochlaena_f
0.879087	0	-0.656192	0	1.096988	0	0.656192	0	0.879087	200831.068475	0	7991.149386	0	b_cestrum_f
-0.579028	0	0.686183	0	0.897842	0	-0.686183	0	-0.579028	200848.024404	0	6923.228806	0	t_leucaena_f
-0.921319	0	0.651141	0	1.128190	0	-0.651141	0	-0.921319	200844.111497	0	7197.848221	0	b_calochlaena_f
0.447383	0	1.218721	0	1.298242	0	-1.218721	0	0.447383	200847.241823	0	7698.984295	0	d_fallentrunk_clear_lc
-0.897747	0	-0.150730	0	0.910312	0	0.150730	0	-0.897747	200846.459241	0	7826.929736	0	t_leucaena_f
0.837117	0	-0.681410	0	1.079391	0	0.681410	0	0.837117	200846.980962	0	8214.708909	0	t_cyathea_f
0.524374	0	-0.982471	0	1.113651	0	0.982471	0	0.524374	200859.241404	0	7256.990952	0	d_fallentrunk_clear_lc
-0.223314	0	-1.333585	0	1.352153	0	1.333585	0	-0.223314	200855.328497	0	7352.013606	0	b_cestrum_f
-0.026008	0	-1.025352	0	1.025681	0	1.025352	0	-0.026008	200855.850218	0	7363.842152	0	b_cestrum_f
-1.007552	0	1.097890	0	1.490142	0	-1.097890	0	-1.007552	200857.937101	0	7384.936393	0	b_cestrum_f
-1.350350	0	-0.595958	0	1.476012	0	0.595958	0	-1.350350	200855.328497	0	7750.044186	0	b_cestrum_f
-0.061247	0	0.825429	0	0.827699	0	-0.825429	0	-0.061247	200857.154520	0	8035.112150	0	t_cyathea_f
1.008904	0	0.893532	0	1.347697	0	-0.893532	0	1.008904	200850.893869	0	8115.151979	0	d_fallentrunk_clear_lc
0.371206	0	-1.118756	0	1.178732	0	1.118756	0	0.371206	200859.241404	0	8184.348974	0	d_fallentrunk_clear_lc
0.523503	0	-0.871578	0	1.016712	0	0.871578	0	0.523503	200868.632380	0	6904.500275	0	b_calochlaena_f
1.194247	0	0.669316	0	1.369018	0	-0.669316	0	1.194247	200863.936892	0	7127.271228	0	d_fallenbranch_lc_f
-0.649539	0	-0.818513	0	1.044923	0	0.818513	0	-0.649539	200861.067427	0	7373.304989	0	b_cestrum_f
1.119229	0	0.237623	0	1.144176	0	-0.237623	0	1.119229	200864.980334	0	7790.655528	0	b_calochlaena_f
0.620605	0	0.711179	0	0.943889	0	-0.711179	0	0.620605	200865.502055	0	7860.246808	0	t_cyathea_f
-0.000976	0	0.969255	0	0.969256	0	-0.969255	0	-0.000976	200870.197543	0	6717.806387	0	t_cyathea_f
0.977595	0	0.210493	0	1.000000	0	-0.210493	0	0.977595	200877.762496	0	6966.008715	0	cliff_stone_big_lc_f
-0.817299	0	-0.687325	0	1.067891	0	0.687325	0	-0.817299	200870.458403	0	7289.913739	0	b_calochlaena_f
0.689940	0	0.521003	0	0.864559	0	-0.521003	0	0.689940	200877.762496	0	7456.893383	0	t_leucaena_f
-0.570083	0	-0.985812	0	1.138780	0	0.985812	0	-0.570083	200872.023566	0	7518.796108	0	b_calochlaena_f
0.854584	0	0.486084	0	0.983154	0	-0.486084	0	0.854584	200878.805938	0	7759.309881	0	t_leucaena_f
-0.989821	0	0.474104	0	1.097507	0	-0.474104	0	-0.989821	200873.067008	0	7768.378433	0	b_cestrum_f
-0.296758	0	-0.827728	0	0.879318	0	0.827728	0	-0.296758	200878.545077	0	7938.709498	0	t_leucaena_f
1.018957	0	-0.795864	0	1.292932	0	0.795864	0	1.018957	200872.806147	0	7985.235113	0	b_cestrum_f
-0.495472	0	0.856791	0	0.989740	0	-0.856791	0	-0.495472	200872.545287	0	8059.163527	0	t_leucaena_f
-0.528047	0	1.040922	0	1.167199	0	-1.040922	0	-0.528047	200878.284217	0	8086.763468	0	b_calochlaena_f
0.174417	0	1.085624	0	1.099545	0	-1.085624	0	0.174417	200887.675193	0	4478.662591	0	b_calochlaena_f
0.030583	0	-0.849115	0	0.849666	0	0.849115	0	0.030583	200889.762077	0	6869.803206	0	t_leucaena_f
-0.008293	0	-0.999966	0	1.000000	0	0.999966	0	-0.008293	200889.501216	0	6941.365911	0	cliff_stone_big_lc_f
0.747595	0	-0.664154	0	1.000000	0	0.664154	0	0.747595	200881.936263	0	7035.994280	0	cliff_stone_big_lc_f
1.264762	0	0.091347	0	1.268056	0	-0.091347	0	1.264762	200882.457984	0	7094.348441	0	d_fallenbranch_lc_f
1.217336	0	0.296763	0	1.252986	0	-0.296763	0	1.217336	200881.936263	0	7163.545437	0	d_fallenbranch_lc_f
-1.391312	0	-0.555333	0	1.498047	0	0.555333	0	-1.391312	200882.718845	0	7391.244951	0	b_cestrum_f
-0.853797	0	0.696214	0	1.101672	0	-0.696214	0	-0.853797	200885.588310	0	7396.764939	0	b_cestrum_f
-1.018216	0	0.431528	0	1.105884	0	-0.431528	0	-1.018216	200886.370891	0	7407.410631	0	b_cestrum_f
1.191785	0	0.467895	0	1.280343	0	-0.467895	0	1.191785	200888.457775	0	7490.801882	0	b_cestrum_f
0.845536	0	-0.747689	0	1.128703	0	0.747689	0	0.845536	200884.805728	0	7806.032638	0	b_calochlaena_f
0.159973	0	-0.963834	0	0.977020	0	0.963834	0	0.159973	200880.371100	0	8218.651758	0	t_cyathea_f
0.950349	0	0.329196	0	1.005750	0	-0.329196	0	0.950349	200897.587890	0	7056.497094	0	b_calochlaena_f
1.451067	0	0.033117	0	1.451445	0	-0.033117	0	1.451067	200899.413914	0	7238.853848	0	b_cestrum_f
-0.559954	0	-0.991411	0	1.138615	0	0.991411	0	-0.559954	200891.066379	0	7237.473851	0	b_cestrum_f
0.499418	0	0.769648	0	0.917484	0	-0.769648	0	0.499418	200893.153263	0	7305.685134	0	t_cyathea_f
-0.967885	0	-0.651993	0	1.167003	0	0.651993	0	-0.967885	200892.631542	0	7327.567944	0	t_cyathea_f
0.758320	0	-1.158396	0	1.384533	0	1.158396	0	0.758320	200892.892402	0	7369.953568	0	b_cestrum_f
-0.877153	0	0.698063	0	1.121021	0	-0.698063	0	-0.877153	200897.327030	0	7411.550622	0	b_cestrum_f
-0.988007	0	0.154412	0	1.000000	0	-0.154412	0	-0.988007	200898.631332	0	7576.755984	0	cliff_stone_big_lc_f
-0.431430	0	0.780901	0	0.892154	0	-0.780901	0	-0.431430	200897.066170	0	8113.574839	0	t_cyathea_f
0.914410	0	0.520344	0	1.052095	0	-0.520344	0	0.914410	200894.196705	0	8135.063365	0	t_cyathea_f
-1.043007	0	0.147879	0	1.053438	0	-0.147879	0	-1.043007	200906.457146	0	4443.176952	0	b_cestrum_f
0.860424	0	0.760854	0	1.148576	0	-0.760854	0	0.860424	200906.196285	0	4508.036814	0	b_calochlaena_f
0.996175	0	-0.260732	0	1.029731	0	0.260732	0	0.996175	200906.196285	0	4597.342338	0	t_cyathea_f
-0.168011	0	-0.974620	0	0.988995	0	0.974620	0	-0.168011	200909.848332	0	7004.057205	0	t_cyathea_f
0.912644	0	0.408756	0	1.000000	0	-0.408756	0	0.912644	200909.065750	0	7132.199789	0	cliff_stone_big_lc_f
1.025494	0	-0.608283	0	1.192328	0	0.608283	0	1.025494	200905.152844	0	7208.493912	0	b_cestrum_f
-0.993151	0	-1.095618	0	1.478759	0	1.095618	0	-0.993151	200904.370262	0	7228.011014	0	b_cestrum_f
-0.698091	0	0.739628	0	1.017045	0	-0.739628	0	-0.698091	200904.891983	0	7250.879536	0	b_cestrum_f
-0.040963	0	-1.254313	0	1.254982	0	1.254313	0	-0.040963	200902.022518	0	7401.299215	0	b_cestrum_f
0.957443	0	0.205002	0	0.979144	0	-0.205002	0	0.957443	200904.891983	0	7470.299068	0	t_leucaena_f
0.301751	0	0.907101	0	0.955974	0	-0.907101	0	0.301751	200900.196495	0	7531.807509	0	t_leucaena_f
0.630039	0	-0.997121	0	1.179492	0	0.997121	0	0.630039	200904.891983	0	7715.149975	0	b_calochlaena_f
1.396444	0	-0.453628	0	1.468276	0	0.453628	0	1.396444	200908.283169	0	7844.475413	0	b_cestrum_f
0.509283	0	0.947625	0	1.075808	0	-0.947625	0	0.509283	200900.196495	0	7892.972453	0	b_calochlaena_f
-0.085654	0	-1.038271	0	1.041798	0	1.038271	0	-0.085654	200902.805100	0	7960.000881	0	b_calochlaena_f
-0.374385	0	1.271572	0	1.325541	0	-1.271572	0	-0.374385	200902.805100	0	8029.395019	0	d_fallenbranch_lc_f
1.021090	0	0.351071	0	1.079757	0	-0.351071	0	1.021090	200919.239308	0	4324.497205	0	t_cyathea_f
-0.587874	0	0.875686	0	1.054714	0	-0.875686	0	-0.587874	200911.152634	0	4627.307988	0	b_calochlaena_f
0.972359	0	0.233490	0	1.000000	0	-0.233490	0	0.972359	200910.370053	0	4657.865066	0	cliff_stone_big_lc_f
0.466078	0	-1.052646	0	1.151213	0	1.052646	0	0.466078	200912.717797	0	4694.730701	0	b_calochlaena_f
0.530645	0	1.286800	0	1.391919	0	-1.286800	0	0.530645	200918.978448	0	6920.468812	0	d_fallenbranch_lc_f
0.543691	0	0.839285	0	1.000000	0	-0.839285	0	0.543691	200914.543820	0	7031.460004	0	cliff_stone_big_lc_f
-0.239273	0	-1.378525	0	1.399136	0	1.378525	0	-0.239273	200916.369843	0	7230.376723	0	b_cestrum_f
1.042965	0	0.329321	0	1.093722	0	-0.329321	0	1.042965	200912.196076	0	7347.873615	0	t_cyathea_f
-0.676772	0	1.186522	0	1.365963	0	-1.186522	0	-0.676772	200910.370053	0	7382.176399	0	b_cestrum_f
-1.001323	0	0.253379	0	1.032884	0	-0.253379	0	-1.001323	200912.978657	0	7394.990657	0	b_cestrum_f
0.933771	0	0.466452	0	1.043794	0	-0.466452	0	0.933771	200915.587262	0	7480.944760	0	b_cestrum_f
-0.120559	0	0.992706	0	1.000000	0	-0.992706	0	-0.120559	200915.848122	0	7596.864513	0	cliff_stone_big_lc_f
1.017324	0	-0.281960	0	1.055675	0	0.281960	0	1.017324	200914.804680	0	7657.978668	0	d_treestump_natural_small
-0.342314	0	0.889289	0	0.952898	0	-0.889289	0	-0.342314	200919.761029	0	7751.029898	0	t_leucaena_f
-0.151459	0	1.054075	0	1.064901	0	-1.054075	0	-0.151459	200919.500169	0	7793.218380	0	t_cyathea_f
-0.716766	0	0.859057	0	1.118809	0	-0.859057	0	-0.716766	200916.108983	0	7861.626805	0	b_cestrum_f
-1.075565	0	0.504815	0	1.188141	0	-0.504815	0	-1.075565	200915.848122	0	7981.489407	0	b_calochlaena_f
-0.683218	0	-1.021938	0	1.229286	0	1.021938	0	-0.683218	200917.674145	0	8173.308998	0	d_fallentrunk_clear_lc
0.568494	0	1.231284	0	1.356188	0	-1.231284	0	0.568494	200925.760820	0	4390.934206	0	d_fallenbranch_lc_f
-0.509687	0	-0.818592	0	0.964299	0	0.818592	0	-0.509687	200925.760820	0	4422.082711	0	t_cyathea_f
-0.809781	0	-0.844562	0	1.170055	0	0.844562	0	-0.809781	200921.065331	0	4553.379574	0	t_cyathea_f
-1.183839	0	0.168541	0	1.195776	0	-0.168541	0	-1.183839	200921.326192	0	4581.176658	0	t_cyathea_f
0.521904	0	1.217629	0	1.324766	0	-1.217629	0	0.521904	200929.934587	0	4752.690578	0	d_fallenbranch_lc_f
-0.771555	0	-0.602272	0	0.978790	0	0.602272	0	-0.771555	200927.586843	0	6076.107756	0	t_leucaena_f
-0.091196	0	0.995833	0	1.000000	0	-0.995833	0	-0.091196	200922.108773	0	6710.906402	0	cliff_stone_big_lc_f
-0.049582	0	1.178651	0	1.179693	0	-1.178651	0	-0.049582	200921.326192	0	7213.028188	0	b_cestrum_f
-0.293769	0	-1.136400	0	1.173757	0	1.136400	0	-0.293769	200929.412866	0	7249.499539	0	b_cestrum_f
-0.933696	0	-0.434957	0	1.030036	0	0.434957	0	-0.933696	200927.065122	0	7279.070905	0	t_cyathea_f
0.184624	0	1.125712	0	1.140751	0	-1.125712	0	0.184624	200929.412866	0	7383.162111	0	b_cestrum_f
0.422838	0	0.906205	0	1.000000	0	-0.906205	0	0.422838	200922.630494	0	7446.247691	0	cliff_stone_big_lc_f
-0.116874	0	0.981229	0	0.988165	0	-0.981229	0	-0.116874	200921.587052	0	7511.698980	0	t_leucaena_f
0.342187	0	0.873191	0	0.937846	0	-0.873191	0	0.342187	200925.239099	0	7556.844598	0	t_leucaena_f
-0.432290	0	1.235510	0	1.308954	0	-1.235510	0	-0.432290	200925.499959	0	7758.324168	0	b_cestrum_f
0.942107	0	-0.379706	0	1.015748	0	0.379706	0	0.942107	200925.239099	0	7772.715566	0	b_cestrum_f
-1.073903	0	-0.240836	0	1.100577	0	0.240836	0	-1.073903	200924.978238	0	7819.438324	0	b_calochlaena_f
-0.977748	0	-1.050761	0	1.435301	0	1.050761	0	-0.977748	200920.804471	0	7864.583942	0	b_cestrum_f
-0.949691	0	0.620590	0	1.134480	0	-0.620590	0	-0.949691	200923.413075	0	7881.538191	0	b_cestrum_f
-1.188685	0	-0.232308	0	1.211173	0	0.232308	0	-1.188685	200920.804471	0	7889.621031	0	b_cestrum_f
0.654563	0	-0.762696	0	1.005066	0	0.762696	0	0.654563	200927.065122	0	8079.666340	0	b_calochlaena_f
1.026549	0	-0.416946	0	1.107993	0	0.416946	0	1.026549	200939.325563	0	4338.888603	0	t_cyathea_f
1.473521	0	-0.134300	0	1.479629	0	0.134300	0	1.473521	200930.195447	0	4371.022820	0	b_cestrum_f
-0.552563	0	1.044671	0	1.181805	0	-1.044671	0	-0.552563	200931.499750	0	4505.079677	0	b_calochlaena_f
-0.539085	0	-1.029196	0	1.161834	0	1.029196	0	-0.539085	200937.238680	0	4611.339451	0	b_calochlaena_f
-0.916368	0	-0.523904	0	1.055559	0	0.523904	0	-0.916368	200934.108354	0	4666.736475	0	b_cestrum_f
0.764119	0	0.458012	0	0.890872	0	-0.458012	0	0.764119	200937.760400	0	6045.944963	0	t_leucaena_f
0.094211	0	-1.359740	0	1.362999	0	1.359740	0	0.094211	200938.803842	0	6144.910466	0	d_fallenbranch_lc_f
-0.410899	0	-0.911681	0	1.000000	0	0.911681	0	-0.410899	200930.978029	0	6864.480360	0	cliff_stone_big_lc_f
-1.075833	0	0.208540	0	1.095859	0	-0.208540	0	-1.075833	200932.021470	0	7102.825566	0	b_calochlaena_f
1.262596	0	0.256948	0	1.288476	0	-0.256948	0	1.262596	200933.586633	0	7208.493912	0	b_cestrum_f
0.461014	0	-0.775605	0	0.902274	0	0.775605	0	0.461014	200932.282331	0	7314.950828	0	t_cyathea_f
-0.207646	0	1.181520	0	1.199628	0	-1.181520	0	-0.207646	200935.934377	0	7421.013459	0	b_calochlaena_f
0.831088	0	-0.479493	0	0.959490	0	0.479493	0	0.831088	200935.151796	0	8308.351567	0	t_leucaena_f
-1.331921	0	0.163634	0	1.341936	0	-0.163634	0	-1.331921	200946.368795	0	4471.959748	0	d_fallenbranch_lc_f
1.282945	0	0.090187	0	1.286111	0	-0.090187	0	1.282945	200949.759981	0	4552.788147	0	b_cestrum_f
0.996313	0	0.186296	0	1.013581	0	-0.186296	0	0.996313	200941.673307	0	4702.616399	0	b_calochlaena_f
0.388422	0	0.773943	0	0.865944	0	-0.773943	0	0.388422	200942.716749	0	4884.776010	0	t_leucaena_f
1.027981	0	-0.700096	0	1.243736	0	0.700096	0	1.027981	200947.412237	0	6515.341105	0	d_fallentrunk_clear_lc
-0.980389	0	-0.197070	0	1.000000	0	0.197070	0	-0.980389	200941.151586	0	6964.037291	0	cliff_stone_big_lc_f
-0.991348	0	0.131259	0	1.000000	0	-0.131259	0	-0.991348	200944.281912	0	7150.928321	0	cliff_stone_big_lc_f
0.806204	0	-0.562973	0	0.983312	0	0.562973	0	0.806204	200944.542772	0	7185.231105	0	t_leucaena_f
0.281427	0	-0.959583	0	1.000000	0	0.959583	0	0.281427	200945.847075	0	7471.679065	0	cliff_stone_big_lc_f
-1.274452	0	-0.755790	0	1.481704	0	0.755790	0	-1.274452	200948.977400	0	7654.430104	0	b_cestrum_f
0.287261	0	-1.395451	0	1.424711	0	1.395451	0	0.287261	200948.455679	0	7716.529972	0	d_fallentrunk_clear_lc
0.273263	0	1.005581	0	1.042048	0	-1.005581	0	0.273263	200945.586214	0	7834.421149	0	t_cyathea_f
-0.072242	0	-1.077111	0	1.079531	0	1.077111	0	-0.072242	200940.890726	0	7901.252435	0	b_calochlaena_f
0.863041	0	-0.430087	0	0.964269	0	0.430087	0	0.863041	200949.759981	0	7951.326614	0	t_leucaena_f
-0.516968	0	1.407027	0	1.498993	0	-1.407027	0	-0.516968	200957.324935	0	4286.645857	0	b_cestrum_f
-0.113411	0	1.101097	0	1.106922	0	-1.101097	0	-0.113411	200959.411818	0	4315.034368	0	b_cestrum_f
0.753606	0	1.269520	0	1.476348	0	-1.269520	0	0.753606	200953.151167	0	4361.757126	0	b_cestrum_f
0.053234	0	-0.998582	0	1.000000	0	0.998582	0	0.053234	200958.107516	0	4527.553915	0	cliff_stone_big_lc_f
0.905487	0	-0.841840	0	1.236366	0	0.841840	0	0.905487	200956.281493	0	4578.022379	0	b_cestrum_f
0.585231	0	1.033617	0	1.187796	0	-1.033617	0	0.585231	200957.064074	0	4661.413630	0	b_cestrum_f
-1.013738	0	-0.854850	0	1.326060	0	0.854850	0	-1.013738	200954.716330	0	4780.093377	0	d_fallenbranch_lc_f
0.693501	0	-1.142167	0	1.336222	0	1.142167	0	0.693501	200958.368376	0	4833.321834	0	d_fallentrunk_clear_lc
-0.922231	0	-0.657637	0	1.132694	0	0.657637	0	-0.922231	200952.629446	0	4928.935916	0	b_calochlaena_f
0.362131	0	-1.025833	0	1.087875	0	1.025833	0	0.362131	200955.759772	0	4991.232926	0	b_calochlaena_f
-0.849188	0	0.614933	0	1.048457	0	-0.614933	0	-0.849188	200959.672679	0	6058.759221	0	t_cyathea_f
-0.927098	0	-0.526741	0	1.066286	0	0.526741	0	-0.927098	200951.586005	0	6243.087400	0	b_calochlaena_f
0.343166	0	-0.939275	0	1.000000	0	0.939275	0	0.343166	200951.325144	0	6551.418171	0	cliff_stone_big_lc_f
-1.105043	0	0.378869	0	1.168187	0	-0.378869	0	-1.105043	200953.412028	0	6696.515004	0	b_calochlaena_f
-0.947183	0	0.320692	0	1.000000	0	-0.320692	0	-0.947183	200954.716330	0	6874.928909	0	cliff_stone_big_lc_f
-0.771962	0	0.635668	0	1.000000	0	-0.635668	0	-0.771962	200951.064284	0	7000.311499	0	cliff_stone_big_lc_f
-0.886549	0	-0.316169	0	0.941240	0	0.316169	0	-0.886549	200959.672679	0	7080.942756	0	t_cyathea_f
-0.794438	0	-0.632733	0	1.015619	0	0.632733	0	-0.794438	200950.803423	0	7350.436467	0	t_cyathea_f
-0.571307	0	-0.820736	0	1.000000	0	0.820736	0	-0.571307	200953.933749	0	7553.296034	0	cliff_stone_big_lc_f
-0.190440	0	-0.981699	0	1.000000	0	0.981699	0	-0.190440	200951.325144	0	7594.301661	0	cliff_stone_big_lc_f
1.012395	0	-0.801420	0	1.291208	0	0.801420	0	1.012395	200951.846865	0	7773.504136	0	b_cestrum_f
-1.038308	0	0.275273	0	1.074178	0	-0.275273	0	-1.038308	200951.064284	0	7995.092235	0	b_calochlaena_f
0.707038	0	-0.887994	0	1.135093	0	0.887994	0	0.707038	200958.107516	0	8175.083280	0	b_calochlaena_f
1.138452	0	0.363797	0	1.195166	0	-0.363797	0	1.138452	200960.716120	0	4245.048803	0	t_cyathea_f
-0.607032	0	1.271255	0	1.408750	0	-1.271255	0	-0.607032	200960.455260	0	4275.014454	0	b_cestrum_f
-1.028983	0	0.880273	0	1.354137	0	-0.880273	0	-1.028983	200965.672469	0	4318.385790	0	b_cestrum_f
0.946843	0	0.665783	0	1.157488	0	-0.665783	0	0.946843	200964.107306	0	4408.085598	0	b_calochlaena_f
-0.995741	0	0.092198	0	1.000000	0	-0.092198	0	-0.995741	200962.803004	0	4634.996543	0	cliff_stone_big_lc_f
0.295393	0	-0.769814	0	0.824543	0	0.769814	0	0.295393	200965.672469	0	6101.736272	0	t_leucaena_f
-0.165002	0	-1.120831	0	1.132911	0	1.120831	0	-0.165002	200969.324515	0	6198.138924	0	d_treestump_natural_small
0.519974	0	-1.022335	0	1.146971	0	1.022335	0	0.519974	200964.107306	0	6281.135890	0	t_cyathea_f
0.335553	0	-0.779557	0	0.848708	0	0.779557	0	0.335553	200966.455050	0	6340.278621	0	t_cyathea_f
-0.671304	0	0.592817	0	0.895590	0	-0.592817	0	-0.671304	200963.324725	0	6667.535066	0	t_leucaena_f
-0.444096	0	-0.901412	0	1.004871	0	0.901412	0	-0.444096	200969.846236	0	6932.691643	0	b_calochlaena_f
-0.933330	0	-0.708034	0	1.171502	0	0.708034	0	-0.933330	200960.976981	0	7412.536334	0	b_calochlaena_f
0.887897	0	0.268977	0	0.927744	0	-0.268977	0	0.887897	200969.063655	0	7573.404563	0	t_leucaena_f
-0.827161	0	-0.355996	0	0.900516	0	0.355996	0	-0.827161	200968.020213	0	7836.984001	0	t_cyathea_f
-0.150575	0	-0.988599	0	1.000000	0	0.988599	0	-0.150575	200962.542144	0	7874.835349	0	cliff_stone_big_lc_f
0.943815	0	-0.693578	0	1.171255	0	0.693578	0	0.943815	200961.237841	0	8069.809218	0	b_cestrum_f
0.541403	0	1.077731	0	1.206076	0	-1.077731	0	0.541403	200969.063655	0	8143.934775	0	b_cestrum_f
0.327576	0	0.779898	0	0.845900	0	-0.779898	0	0.327576	200976.367748	0	4215.280295	0	t_cyathea_f
0.030289	0	-1.106248	0	1.106662	0	1.106248	0	0.030289	200973.237422	0	4357.419992	0	d_fallentrunk_clear_lc
0.780550	0	0.641611	0	1.010407	0	-0.641611	0	0.780550	200979.498073	0	4680.733588	0	b_calochlaena_f
-0.977253	0	0.487822	0	1.092242	0	-0.487822	0	-0.977253	200975.585166	0	4892.858850	0	b_cestrum_f
0.392518	0	1.196016	0	1.258779	0	-1.196016	0	0.392518	200974.020004	0	6142.150472	0	d_fallenbranch_lc_f
0.648173	0	1.039898	0	1.225364	0	-1.039898	0	0.648173	200976.628608	0	6367.089992	0	b_cestrum_f
-0.219111	0	-0.984319	0	1.008411	0	0.984319	0	-0.219111	200976.106887	0	6558.712441	0	b_calochlaena_f
-0.832045	0	-0.554708	0	1.000000	0	0.554708	0	-0.832045	200976.889469	0	7152.308318	0	cliff_stone_big_lc_f
-0.722841	0	-0.691014	0	1.000000	0	0.691014	0	-0.722841	200979.498073	0	7293.659445	0	cliff_stone_big_lc_f
-1.040224	0	-0.423082	0	1.122971	0	0.423082	0	-1.040224	200972.454841	0	7449.204828	0	b_calochlaena_f
-1.011211	0	0.594971	0	1.173260	0	-0.594971	0	-1.011211	200971.150539	0	7491.984736	0	b_calochlaena_f
-0.272812	0	1.076602	0	1.110630	0	-1.076602	0	-0.272812	200970.628818	0	7660.147235	0	b_cestrum_f
-1.079250	0	-0.614010	0	1.241688	0	0.614010	0	-1.079250	200973.759143	0	8110.814845	0	d_treestump_natural_small
-1.164747	0	0.627627	0	1.323084	0	-0.627627	0	-1.164747	200975.324306	0	8214.708909	0	d_fallentrunk_clear_lc
-0.655825	0	0.967255	0	1.168627	0	-0.967255	0	-0.655825	200970.889678	0	8337.922932	0	b_calochlaena_f
-0.905227	0	-1.100284	0	1.424802	0	1.100284	0	-0.905227	200989.671631	0	4422.871281	0	b_cestrum_f
-1.022787	0	0.158040	0	1.034925	0	-0.158040	0	-1.022787	200987.323887	0	4627.702273	0	b_calochlaena_f
0.361571	0	1.037536	0	1.098733	0	-1.037536	0	0.361571	200981.063236	0	4723.513497	0	d_treestump_natural_small
-0.313775	0	-1.121038	0	1.164122	0	1.121038	0	-0.313775	200988.889050	0	4787.979074	0	b_calochlaena_f
0.551749	0	1.034716	0	1.172631	0	-1.034716	0	0.551749	200983.932701	0	4938.595896	0	b_calochlaena_f
1.093625	0	-0.238550	0	1.119340	0	0.238550	0	1.093625	200988.106468	0	4980.587235	0	b_calochlaena_f
0.828016	0	0.664291	0	1.061553	0	-0.664291	0	0.828016	200984.715282	0	5098.478412	0	d_treestump_natural_small
1.143783	0	0.095407	0	1.147755	0	-0.095407	0	1.143783	200986.802166	0	5149.735445	0	d_fallentrunk_clear_lc
1.039721	0	0.787018	0	1.304001	0	-0.787018	0	1.039721	200987.845608	0	5200.598194	0	d_fallenbranch_lc_f
0.277104	0	1.038579	0	1.074911	0	-1.038579	0	0.277104	200989.932491	0	6004.545051	0	b_calochlaena_f
-0.497951	0	-0.867205	0	1.000000	0	0.867205	0	-0.497951	200980.541515	0	6040.030690	0	cliff_stone_big_lc_f
-0.703871	0	-0.446400	0	0.833491	0	0.446400	0	-0.703871	200987.063026	0	6083.402026	0	t_leucaena_f
0.604573	0	0.796550	0	1.000000	0	-0.796550	0	0.604573	200986.280445	0	6521.058235	0	cliff_stone_big_lc_f
0.035984	0	1.181733	0	1.182281	0	-1.181733	0	0.035984	200980.280655	0	6591.438085	0	b_calochlaena_f
-0.980653	0	0.195754	0	1.000000	0	-0.195754	0	-0.980653	200988.106468	0	7079.168474	0	cliff_stone_big_lc_f
1.100603	0	0.070797	0	1.102878	0	-0.070797	0	1.100603	200980.280655	0	7207.311058	0	b_calochlaena_f
-0.090408	0	-1.021735	0	1.025727	0	1.021735	0	-0.090408	200984.976143	0	7326.187947	0	b_calochlaena_f
0.484505	0	0.874788	0	1.000000	0	-0.874788	0	0.484505	200989.410770	0	7393.413518	0	cliff_stone_big_lc_f
-1.029394	0	-0.091732	0	1.033473	0	0.091732	0	-1.029394	200988.367329	0	7746.692765	0	b_calochlaena_f
-0.966013	0	-0.828652	0	1.272732	0	0.828652	0	-0.966013	200982.889259	0	7787.106964	0	d_fallenbranch_lc_f
-0.771612	0	-0.329112	0	0.838868	0	0.329112	0	-0.771612	200984.454422	0	7897.112444	0	t_leucaena_f
0.822862	0	-0.646266	0	1.046309	0	0.646266	0	0.822862	200980.280655	0	7994.500808	0	b_calochlaena_f
0.126581	0	-1.006015	0	1.013947	0	1.006015	0	0.126581	200981.584957	0	8044.772129	0	d_fallentrunk_clear_lc
0.009402	0	1.120680	0	1.120719	0	-1.120680	0	0.009402	200987.063026	0	8360.397170	0	b_calochlaena_f
0.203235	0	1.363303	0	1.378368	0	-1.363303	0	0.203235	200995.671421	0	4180.188942	0	b_cestrum_f
-0.551312	0	0.606554	0	0.819666	0	-0.606554	0	-0.551312	200999.584328	0	4402.565610	0	t_cyathea_f
0.004051	0	-0.820407	0	0.820417	0	0.820407	0	0.004051	200991.497654	0	4495.616840	0	t_leucaena_f
0.171109	0	-0.985252	0	1.000000	0	0.985252	0	0.171109	200990.975933	0	4565.010978	0	cliff_stone_big_lc_f
-0.567474	0	1.119176	0	1.254823	0	-1.119176	0	-0.567474	200998.540886	0	5038.744254	0	d_fallenbranch_lc_f
-0.970770	0	-0.282638	0	1.011078	0	0.282638	0	-0.970770	200992.280235	0	6450.481243	0	t_cyathea_f
0.581055	0	-0.976708	0	1.136479	0	0.976708	0	0.581055	200993.845398	0	6659.452226	0	b_cestrum_f
-0.846118	0	-0.812285	0	1.172912	0	0.812285	0	-0.846118	200994.888840	0	6866.846069	0	t_cyathea_f
-0.105762	0	-1.034618	0	1.040010	0	1.034618	0	-0.105762	200990.193352	0	6910.020263	0	b_calochlaena_f
0.112189	0	1.174230	0	1.179577	0	-1.174230	0	0.112189	200994.367119	0	6942.943050	0	b_calochlaena_f
-0.900802	0	-0.434229	0	1.000000	0	0.434229	0	-0.900802	200992.280235	0	7560.393162	0	cliff_stone_big_lc_f
-0.852174	0	-0.657869	0	1.076565	0	0.657869	0	-0.852174	200996.714863	0	7593.315949	0	b_calochlaena_f
-1.003198	0	-0.518196	0	1.129130	0	0.518196	0	-1.003198	200993.062817	0	7644.770125	0	b_calochlaena_f
0.783714	0	-0.744189	0	1.080752	0	0.744189	0	0.783714	200996.454003	0	8136.837647	0	b_cestrum_f
-0.577560	0	1.051108	0	1.199335	0	-1.051108	0	-0.577560	200994.627980	0	8318.602974	0	b_calochlaena_f
1.386531	0	0.188861	0	1.399335	0	-0.188861	0	1.386531	200992.541096	0	8376.365708	0	b_cestrum_f
0.945922	0	0.938740	0	1.332667	0	-0.938740	0	0.945922	201009.497025	0	4206.408886	0	b_cestrum_f
-1.022861	0	-0.184062	0	1.039289	0	0.184062	0	-1.022861	201005.323258	0	4331.002906	0	t_cyathea_f
-0.876094	0	0.200891	0	0.898831	0	-0.200891	0	-0.876094	201009.236165	0	4664.765051	0	t_cyathea_f
-0.167785	0	-1.192037	0	1.203787	0	1.192037	0	-0.167785	201002.714654	0	4818.930437	0	b_cestrum_f
-0.450038	0	0.922380	0	1.026313	0	-0.922380	0	-0.450038	201001.671212	0	4863.287485	0	b_calochlaena_f
-0.866708	0	0.755668	0	1.149876	0	-0.755668	0	-0.866708	201002.453793	0	5264.078059	0	b_calochlaena_f
-0.049600	0	-1.075898	0	1.077041	0	1.075898	0	-0.049600	201003.236375	0	6404.349913	0	b_calochlaena_f
-0.843885	0	-0.724451	0	1.112192	0	0.724451	0	-0.843885	201003.236375	0	6502.132561	0	b_calochlaena_f
0.472889	0	-0.881122	0	1.000000	0	0.881122	0	0.472889	201006.627560	0	6976.654407	0	cliff_stone_big_lc_f
-0.956071	0	0.293136	0	1.000000	0	-0.293136	0	-0.956071	201006.366700	0	7021.997167	0	cliff_stone_big_lc_f
1.003090	0	-0.147227	0	1.013837	0	0.147227	0	1.003090	201009.497025	0	7205.339633	0	t_cyathea_f
-1.024920	0	-0.899160	0	1.363433	0	0.899160	0	-1.024920	201000.627770	0	7255.216670	0	d_fallenbranch_lc_f
0.417077	0	0.901970	0	0.993731	0	-0.901970	0	0.417077	201002.192933	0	7669.018645	0	t_leucaena_f
0.952847	0	-0.397910	0	1.032594	0	0.397910	0	0.952847	201003.758095	0	7827.324021	0	b_cestrum_f
1.185271	0	-0.241922	0	1.209708	0	0.241922	0	1.185271	201005.062398	0	7963.943730	0	b_cestrum_f
1.009550	0	0.228337	0	1.035051	0	-0.228337	0	1.009550	201001.671212	0	8084.200616	0	b_cestrum_f
-0.916074	0	-1.039465	0	1.385525	0	1.039465	0	-0.916074	201008.453584	0	8172.717570	0	b_cestrum_f
0.949522	0	1.018663	0	1.392575	0	-1.018663	0	0.949522	201009.236165	0	8360.791455	0	b_cestrum_f
0.485764	0	0.652136	0	0.813172	0	-0.652136	0	0.485764	201016.279397	0	4226.123129	0	t_cyathea_f
-0.694960	0	0.740282	0	1.015375	0	-0.740282	0	-0.694960	201010.801328	0	4539.185319	0	b_calochlaena_f
-0.168179	0	-0.985756	0	1.000000	0	0.985756	0	-0.168179	201010.540467	0	4585.513791	0	cliff_stone_big_lc_f
1.014526	0	0.151092	0	1.025715	0	-0.151092	0	1.014526	201010.801328	0	4718.387794	0	t_cyathea_f
1.166738	0	-0.109724	0	1.171886	0	0.109724	0	1.166738	201010.279607	0	4769.447685	0	b_calochlaena_f
1.035582	0	-0.605175	0	1.199445	0	0.605175	0	1.035582	201013.931653	0	4896.998842	0	b_calochlaena_f
0.718971	0	0.859855	0	1.120835	0	-0.859855	0	0.718971	201013.149072	0	4967.575834	0	b_calochlaena_f
0.816448	0	-0.397529	0	0.908084	0	0.397529	0	0.816448	201016.540258	0	5161.761134	0	t_leucaena_f
0.694999	0	-0.782693	0	1.046724	0	0.782693	0	0.694999	201017.583700	0	5208.286749	0	t_cyathea_f
-0.998595	0	0.052995	0	1.000000	0	-0.052995	0	-0.998595	201018.888002	0	5999.222205	0	cliff_stone_big_lc_f
1.137194	0	-0.115311	0	1.143025	0	0.115311	0	1.137194	201017.322839	0	6540.181052	0	b_cestrum_f
0.870860	0	0.189784	0	0.891299	0	-0.189784	0	0.870860	201016.540258	0	6864.677503	0	t_cyathea_f
-0.641975	0	0.766725	0	1.000000	0	-0.766725	0	-0.641975	201016.018537	0	7096.714151	0	cliff_stone_big_lc_f
0.725993	0	-0.782460	0	1.067385	0	0.782460	0	0.725993	201011.062188	0	7163.151152	0	b_calochlaena_f
0.884568	0	1.195646	0	1.487289	0	-1.195646	0	0.884568	201013.670793	0	7417.267753	0	b_cestrum_f
0.934892	0	-0.405234	0	1.018940	0	0.405234	0	0.934892	201014.975095	0	7460.244804	0	b_calochlaena_f
-0.187893	0	-1.049055	0	1.065749	0	1.049055	0	-0.187893	201015.496816	0	7625.055881	0	b_calochlaena_f
1.306613	0	0.367271	0	1.357250	0	-0.367271	0	1.306613	201014.714235	0	7815.101190	0	b_cestrum_f
1.128100	0	-0.641372	0	1.297678	0	0.641372	0	1.128100	201012.888211	0	7835.998288	0	b_cestrum_f
0.229596	0	1.163842	0	1.186273	0	-1.163842	0	0.229596	201010.018746	0	8215.300337	0	b_calochlaena_f
-0.798362	0	1.002099	0	1.281243	0	-1.002099	0	-0.798362	201010.801328	0	8346.005772	0	b_cestrum_f
0.443141	0	-0.885511	0	0.990204	0	0.885511	0	0.443141	201023.583490	0	4138.000460	0	t_cyathea_f
-1.004444	0	0.599578	0	1.169787	0	-0.599578	0	-1.004444	201020.192304	0	4175.654665	0	t_cyathea_f
-0.004184	0	-1.026909	0	1.026917	0	1.026909	0	-0.004184	201021.757467	0	4187.088927	0	b_cestrum_f
0.794181	0	0.104301	0	0.801001	0	-0.104301	0	0.794181	201027.496397	0	4296.108694	0	t_cyathea_f
-1.168121	0	0.009968	0	1.168163	0	-0.009968	0	-1.168121	201020.974885	0	4421.294142	0	t_cyathea_f
-0.365304	0	0.712645	0	0.800818	0	-0.712645	0	-0.365304	201028.800699	0	5048.601375	0	t_cyathea_f
1.028365	0	-0.853275	0	1.336268	0	0.853275	0	1.028365	201025.409513	0	5241.998106	0	b_cestrum_f
1.102562	0	0.213831	0	1.123106	0	-0.213831	0	1.102562	201026.452955	0	5290.298003	0	b_calochlaena_f
-1.339134	0	0.360254	0	1.386746	0	-0.360254	0	-1.339134	201022.800909	0	5385.517800	0	b_cestrum_f
0.210957	0	1.170708	0	1.189563	0	-1.170708	0	0.210957	201027.235536	0	5974.382258	0	t_cyathea_f
0.313313	0	-1.328604	0	1.365047	0	1.328604	0	0.313313	201022.279188	0	6470.786914	0	b_cestrum_f
0.221506	0	-1.248442	0	1.267940	0	1.248442	0	0.221506	201025.670374	0	6903.514563	0	d_fallenbranch_lc_f
0.880303	0	0.541283	0	1.033403	0	-0.541283	0	0.880303	201029.844141	0	7098.882717	0	b_cestrum_f
0.977393	0	0.211430	0	1.000000	0	-0.211430	0	0.977393	201026.974676	0	7709.432844	0	cliff_stone_big_lc_f
-0.205707	0	0.860109	0	0.884365	0	-0.860109	0	-0.205707	201021.235746	0	7866.161081	0	t_leucaena_f
0.884604	0	-0.681418	0	1.116627	0	0.681418	0	0.884604	201029.061560	0	8153.397612	0	d_fallentrunk_clear_lc
0.737210	0	-0.630545	0	0.970086	0	0.630545	0	0.737210	201029.322420	0	8236.394578	0	t_leucaena_f
1.036257	0	-0.269737	0	1.070788	0	0.269737	0	1.036257	201026.192095	0	8337.725790	0	b_cestrum_f
0.314538	0	1.312377	0	1.349544	0	-1.312377	0	0.314538	201033.496187	0	4214.097441	0	b_cestrum_f
-1.044693	0	-0.171490	0	1.058675	0	0.171490	0	-1.044693	201038.191675	0	4328.242912	0	t_cyathea_f
0.875044	0	-0.484044	0	1.000000	0	0.484044	0	0.875044	201030.887583	0	4372.008532	0	cliff_stone_big_lc_f
0.391676	0	-0.891988	0	0.974194	0	0.891988	0	0.391676	201039.495978	0	4402.762753	0	t_leucaena_f
-0.579619	0	0.814888	0	1.000000	0	-0.814888	0	-0.579619	201031.670164	0	4522.033927	0	cliff_stone_big_lc_f
-0.860418	0	-0.392219	0	0.945598	0	0.392219	0	-0.860418	201036.104792	0	4752.690578	0	t_leucaena_f
0.437034	0	0.899445	0	1.000000	0	-0.899445	0	0.437034	201032.713606	0	4840.813247	0	cliff_stone_big_lc_f
0.075240	0	-0.997165	0	1.000000	0	0.997165	0	0.075240	201036.626513	0	5013.312879	0	cliff_stone_big_lc_f
0.184430	0	-1.409014	0	1.421033	0	1.409014	0	0.184430	201030.365862	0	5343.920746	0	d_fallentrunk_clear_lc
-0.870823	0	-0.528232	0	1.018510	0	0.528232	0	-0.870823	201037.148234	0	5454.320510	0	b_cestrum_f
-0.082217	0	-0.996614	0	1.000000	0	0.996614	0	-0.082217	201031.670164	0	6028.596428	0	cliff_stone_big_lc_f
0.575449	0	0.686068	0	0.895450	0	-0.686068	0	0.575449	201038.974257	0	6620.023739	0	t_cyathea_f
0.843630	0	-0.782524	0	1.150676	0	0.782524	0	0.843630	201037.409094	0	6955.363024	0	b_calochlaena_f
-0.923774	0	0.402625	0	1.007703	0	-0.402625	0	-0.923774	201036.626513	0	7176.753980	0	b_calochlaena_f
-0.899754	0	-0.592895	0	1.077535	0	0.592895	0	-0.899754	201030.626722	0	7430.279154	0	b_calochlaena_f
0.492824	0	0.804687	0	0.943608	0	-0.804687	0	0.492824	201033.496187	0	7672.370066	0	t_cyathea_f
-1.076733	0	-0.414526	0	1.153771	0	0.414526	0	-1.076733	201035.843931	0	7735.258503	0	t_cyathea_f
-1.302630	0	-0.168409	0	1.313471	0	0.168409	0	-1.302630	201037.669955	0	7783.361258	0	b_cestrum_f
-0.506487	0	1.190792	0	1.294031	0	-1.190792	0	-0.506487	201030.887583	0	7977.349416	0	d_fallentrunk_clear_lc
-0.346098	0	-1.389284	0	1.431745	0	1.389284	0	-0.346098	201037.930815	0	8095.240593	0	d_fallentrunk_clear_lc
-0.335500	0	-0.942040	0	1.000000	0	0.942040	0	-0.335500	201036.365652	0	8399.825658	0	cliff_stone_big_lc_f
-0.080187	0	0.877474	0	0.881130	0	-0.877474	0	-0.080187	201041.582861	0	4452.836932	0	t_cyathea_f
0.830828	0	-0.115116	0	0.838765	0	0.115116	0	0.830828	201044.452326	0	4648.205086	0	t_leucaena_f
0.608932	0	-1.048115	0	1.212165	0	1.048115	0	0.608932	201046.539210	0	4794.090490	0	b_cestrum_f
0.082942	0	-1.282685	0	1.285363	0	1.282685	0	0.082942	201041.843722	0	4895.815987	0	b_cestrum_f
-1.140808	0	0.355049	0	1.194781	0	-0.355049	0	-1.140808	201048.365233	0	4938.990181	0	b_calochlaena_f
-1.444523	0	0.357286	0	1.488052	0	-0.357286	0	-1.444523	201046.539210	0	5025.732853	0	b_cestrum_f
0.751024	0	0.660275	0	1.000000	0	-0.660275	0	0.751024	201044.713187	0	5178.321099	0	cliff_stone_big_lc_f
-1.100188	0	0.431082	0	1.181628	0	-0.431082	0	-1.100188	201045.234908	0	5227.803850	0	b_calochlaena_f
0.878314	0	-0.703261	0	1.125172	0	0.703261	0	0.878314	201042.887164	0	5397.937773	0	b_cestrum_f
0.812216	0	0.270749	0	0.856154	0	-0.270749	0	0.812216	201044.713187	0	6651.960813	0	t_cyathea_f
-0.518100	0	0.855320	0	1.000000	0	-0.855320	0	-0.518100	201046.017489	0	6983.160107	0	cliff_stone_big_lc_f
0.093239	0	1.017068	0	1.021332	0	-1.017068	0	0.093239	201043.669745	0	7083.505607	0	b_cestrum_f
0.984786	0	0.439934	0	1.078585	0	-0.439934	0	0.984786	201044.974047	0	7227.813871	0	b_calochlaena_f
1.042034	0	0.637430	0	1.221537	0	-0.637430	0	1.042034	201046.278350	0	7323.230811	0	d_treestump_natural_small
0.743082	0	-0.735181	0	1.045305	0	0.735181	0	0.743082	201049.408675	0	7547.184619	0	d_fallentrunk_clear_lc
0.784269	0	-0.888360	0	1.185015	0	0.888360	0	0.784269	201043.148024	0	8259.263100	0	b_calochlaena_f
1.129876	0	0.818356	0	1.395108	0	-0.818356	0	1.129876	201059.582233	0	4236.374536	0	b_cestrum_f
0.844125	0	-0.536146	0	1.000000	0	0.536146	0	0.844125	201054.104163	0	4381.865654	0	cliff_stone_big_lc_f
0.926999	0	-0.375064	0	1.000000	0	0.375064	0	0.926999	201057.756210	0	4494.631128	0	cliff_stone_big_lc_f
0.380803	0	-0.935631	0	1.010157	0	0.935631	0	0.380803	201051.756419	0	4564.025266	0	b_calochlaena_f
-0.021523	0	0.999768	0	1.000000	0	-0.999768	0	-0.021523	201053.060721	0	4673.045033	0	cliff_stone_big_lc_f
